zipcode and predicted incident values:


11789.0 830.571998917
11797.0 905.054826648
11801.0 16592.3241855
11577.0 1371.89156832
10801.0 17671.5646014
10307.0 1768.23896837
10308.0 7642.6852625
10314.0 59340.453182
11361.0 8425.37713535
11364.0 12596.648726
11365.0 18904.6187008
11372.0 42320.9414846
11373.0 68983.2855618
14450.0 17909.1673767
14467.0 910.578804719
14614.0 1362.06901233
11412.0 12845.4374816
11416.0 6185.53632618
11204.0 53146.9594913
11419.0 23381.4959231
11421.0 16236.5792929
11426.0 2841.70296951
11428.0 3445.1449288
10921.0 921.528275219
11434.0 34906.7443421
11948.0 1383.3843002
11378.0 12921.1293908
14009.0 820.938504318
11964.0 1237.6248368
10941.0 1689.48713151
10952.0 16062.1871974
11042.0 1519.23080125
10452.0 50648.1330076
10454.0 14771.4489006
10460.0 33109.8947907
10461.0 26482.324437
10463.0 43623.3625934
10465.0 18885.3835523
14051.0 3594.80170982
14052.0 2748.83364521
10471.0 5157.48885319
10473.0 34303.2245354
10475.0 17760.6521813
11561.0 14725.6082519
11001.0 7354.81185875
11003.0 18126.2136437
11005.0 1247.22626487
11520.0 19864.1974715
13057.0 2007.91873323
10502.0 828.336259544
10504.0 834.830772961
12553.0 5953.30302256
11023.0 903.865556571
10512.0 6595.94140199
10003.0 31842.3344794
10005.0 807.019832388
11030.0 2977.50494847
10009.0 37103.5767684
10010.0 10602.261677
11040.0 17633.0623082
10017.0 2491.83293891
10530.0 1425.61829035
10019.0 19447.4043491
11557.0 827.450193312
11558.0 855.802161966
11559.0 844.527346629
10024.0 35059.1806462
10025.0 65693.5898917
11565.0 877.312611762
10030.0 7424.78854809
10031.0 32249.5675555
10550.0 14616.4429684
10553.0 1023.37724189
11580.0 17063.9268852
11581.0 4162.75215139
10566.0 5490.587683
10570.0 1441.33655148
10580.0 2706.45776929
10583.0 16116.0962859
11096.0 854.213579953
11741.0 7826.27416694
11103.0 15948.7683335
10598.0 8451.65273854
10603.0 2650.05526746
14701.0 17588.6048997
14710.0 984.632832219
14203.0 1282.8396208
14209.0 831.97322812
14228.0 4168.61898934
11590.0 22051.8276148
11691.0 35803.847135
11692.0 3196.44765465
11693.0 1291.92652467
11697.0 926.887132807
10162.0 1269.98567015
11703.0 2439.47340905
11714.0 5024.8542369
11716.0 1094.03072591
11206.0 56218.2725832
11207.0 64943.2816919
11720.0 8802.41977351
11209.0 44480.8103945
11212.0 58540.0231052
10701.0 39128.5897109
11221.0 53820.083589
11222.0 14448.4604956
11229.0 54800.3726548
13790.0 3419.28919375
11233.0 42728.9007696
11234.0 61059.0400827
11239.0 1597.90901478
11766.0 1432.00697578
11768.0 4655.02173303
11772.0 21205.0477408

