(6390, 143643.70517981634)
(10001, 117144823.91082293)
(10002, 310056557.42387605)
(10003, 368777893.3371951)
(10004, 103657718.12080537)
(10005, 293621399.17695475)
(10006, 170112994.3502825)
(10007, 131353383.45864663)
(10009, 389247734.82906526)
(10010, 350594713.6563877)
(10011, 288105423.1675548)
(10012, 275945017.1821306)
(10013, 194192453.83547622)
(10014, 221047171.11633697)
(10016, 355708883.69528115)
(10017, 176329787.23404256)
(10018, 61301289.56623681)
(10019, 215015472.8885902)
(10021, 125442762.84012237)
(10022, 270327027.62206376)
(10023, 317116536.350025)
(10024, 201982242.27102682)
(10025, 313406925.43167996)
(10026, 367997835.4978355)
(10027, 208443594.16566008)
(10028, 492805676.85589516)
(10029, 297281545.80301964)
(10030, 326864406.779661)
(10031, 341562017.7323206)
(10032, 307587894.13538355)
(10033, 249584611.89560452)
(10034, 164858818.34514084)
(10035, 218215806.8184008)
(10036, 181770703.0732791)
(10037, 271700468.01872075)
(10038, 272117962.46648794)
(10039, 294795673.0769231)
(10040, 243134729.30555314)
(10044, 149117647.05882353)
(10069, 249951923.07692307)
(10128, 458720956.7025329)
(10162, 529874213.836478)
(10280, 207751322.75132278)
(10282, 423274336.28318584)
(10301, 37916674.22657376)
(10302, 55427788.231467925)
(10303, 21903747.264838483)
(10304, 41518899.15334627)
(10305, 36768228.67127447)
(10306, 25351565.989388518)
(10307, 30408867.23949356)
(10308, 52514886.60838718)
(10309, 17108536.8015838)
(10310, 51163801.23144026)
(10312, 26416647.512548175)
(10314, 1875219298.245614)
(10451, 160355980.24358758)
(10452, 284289060.4667303)
(10453, 310116230.7189672)
(10454, 126790886.89439242)
(10455, 201690201.00374752)
(10456, 293567743.4017048)
(10457, 206509066.40888184)
(10458, 236053617.77439913)
(10459, 197477062.30537397)
(10460, 126133997.70229287)
(10461, 79442008.84366903)
(10462, 185953840.3403821)
(10463, 141354146.5200094)
(10464, 43237779.176441416)
(10465, 40899023.09153227)
(10466, 118567254.785055)
(10467, 124180372.43876383)
(10468, 251438030.07225665)
(10469, 94198729.05018061)
(10470, 62717355.64304462)
(10471, 28860548.47884689)
(10472, 215900883.02088144)
(10473, 101445255.55037418)
(10474, 29846429.777895514)
(10475, 563787878.7878788)
(10501, 3713338.775908077)
(10502, 13046486.579024332)
(10503, 12887828.162291171)
(10504, 186025.1603947843)
(10504, 56231035.13823668)
(10506, 1195326.212574832)
(10507, 2614418.55094791)
(10509, 1742006.7235190554)
(10510, 3356092.5781565015)
(10511, 5595053.633795519)
(10512, 1514719.4146541734)
(10514, 3356025.225532986)
(10516, 611276.3320368896)
(10518, 936707.9443619121)
(10519, 2318007.1007306124)
(10520, 3365288.247052614)
(10522, 16084303.93788131)
(10523, 7009429.396288882)
(10524, 792951.7156795484)
(10526, 81855203.61990951)
(10527, 1229779.073169146)
(10528, 11617885.109712383)
(10530, 129404517.45379877)
(10532, 10451484.636465952)
(10533, 6916989.513042804)
(10535, 3932098.6779646603)
(10536, 3247333.476261566)
(10537, 4075312.311289087)
(10538, 16240600.032291366)
(10541, 3514040.217675973)
(10543, 14757921.709353596)
(10546, 1918667.720406391)
(10547, 4417787.385821831)
(10548, 4364724.2162710205)
(10549, 3293830.3338848785)
(10550, 66742014.37116711)
(10552, 41382916.422655396)
(10553, 54373686.77120814)
(10560, 793737.898932048)
(10562, 8951082.65422291)
(10566, 19903211.451144245)
(10567, 3178222.042402767)
(10570, 6535142.626395483)
(10573, 23938804.745066583)
(10576, 832043.6331747961)
(10577, 3450480.44464433)
(10578, 1229759.086402765)
(10579, 857881.5182060259)
(10580, 185431034.4827586)
(10583, 11285783.768760422)
(10588, 4026665.631473633)
(10589, 3797715.097429877)
(10590, 1568219.3977638911)
(10591, 8737467.026140688)
(10594, 6399473.734893953)
(10595, 88023630.50483352)
(10597, 1822704.3434216003)
(10598, 3965572.7322750445)
(10601, 35588814.050323635)
(10603, 12714712.290938277)
(10604, 101823776.98330091)
(10605, 13243397.662861058)
(10606, 37838358.49545568)
(10607, 8532186.37275802)
(10701, 53753174.45848719)
(10703, 49454926.369383305)
(10704, 38783510.48305495)
(10705, 65299503.39573584)
(10706, 8538877.027970996)
(10707, 27471615.56606982)
(10708, 26200695.47570464)
(10709, 21617999.799919505)
(10710, 18469719.07204367)
(10801, 44512258.9423555)
(10803, 19406642.112491418)
(10804, 11245440.930034373)
(10805, 628464163.8225256)
(10901, 2906388.406451947)
(10913, 4678619.756427606)
(10916, 758950.2213911291)
(10917, 1959915.3491846134)
(10918, 1234864.6382881405)
(10919, 1187106.2003470003)
(10920, 5160323.542754553)
(10921, 1560087.7120172407)
(10923, 14020462.296324365)
(10924, 1249932.4779234964)
(10925, 11413785.559637595)
(10926, 604211.0282943555)
(10927, 21047869.32295137)
(10928, 1283117.0986494233)
(10930, 2114234.2627262953)
(10931, 1580118.00685799)
(10940, 2735238.690504336)
(10941, 1464086.839188565)
(10950, 4376978.461273249)
(10952, 15284405.327175114)
(10954, 11176086.037191221)
(10956, 7338571.678016414)
(10958, 510632.59325483977)
(10960, 12813525.132948918)
(10962, 25273012.245730136)
(10963, 1105796.529836567)
(10964, 2273011.5395483933)
(10965, 10265161.951650817)
(10968, 14284066.557800995)
(10969, 428650.7886565536)
(10970, 3003772.0740275164)
(10973, 1016480.7581053105)
(10974, 1838402.5495003886)
(10975, 305127.6649806825)
(10976, 7956279.223822327)
(10977, 18228460.82368885)
(10980, 1610417.18384808)
(10983, 9083370.961783178)
(10984, 7259871.202425747)
(10986, 1167754.3622191828)
(10987, 275523.92355156585)
(10989, 6664190.214476058)
(10990, 1188474.3051117875)
(10992, 2593872.5187550923)
(10993, 17236020.35505696)
(10994, 5049396.424300389)
(10996, 7395738.802122389)
(10998, 462752.4313030527)
(11001, 36120393.24914244)
(11003, 43533685.55238706)
(11004, 47977654.24322918)
(11005, 36857142.85714286)
(11010, 33620644.63680078)
(11020, 11165864.2499764)
(11021, 24386788.30028391)
(11023, 18076559.546313796)
(11024, 9154716.074523645)
(11030, 9867257.317767216)
(11040, 31813242.490360152)
(11042, 3082961.3029068764)
(11050, 11021728.194998851)
(11096, 20793046.390622195)
(11101, 33531402.46630281)
(11102, 149643788.7722221)
(11103, 189347147.8304176)
(11104, 232123221.69847506)
(11105, 82262487.47160791)
(11106, 164555836.81140524)
(11201, 128692535.38994382)
(11203, 128664038.45699093)
(11204, 180021888.1400841)
(11205, 109566359.76721966)
(11206, 204626820.42635494)
(11207, 123627842.93997723)
(11208, 99418029.50895582)
(11209, 109336293.30386066)
(11210, 139900593.14710906)
(11211, 172956342.99927643)
(11212, 204464834.46817365)
(11213, 212935692.19878048)
(11214, 125383379.16907163)
(11215, 100902573.26355171)
(11216, 192005995.3267559)
(11217, 168019967.03379038)
(11218, 186721013.18862993)
(11219, 221194321.2535648)
(11220, 206014247.53646693)
(11221, 207879364.35999927)
(11222, 72222482.94850133)
(11223, 134913617.31149518)
(11224, 115868435.39533617)
(11225, 146162491.93044364)
(11226, 267334133.45124546)
(11228, 99311983.83934407)
(11229, 132207836.83935735)
(11230, 170908321.31745458)
(11231, 58943556.62902833)
(11232, 73997764.22817439)
(11233, 188645219.37289876)
(11234, 2458179271.7086835)
(11235, 115993949.05952437)
(11236, 99077164.0313494)
(11237, 178576285.7449626)
(11238, 151105794.3007883)
(11239, 75650852.64662188)
(11354, 90181404.66600606)
(11355, 148659620.6947294)
(11356, 56258176.013825715)
(11357, 51177875.47109136)
(11358, 67778925.0976626)
(11360, 41955493.939070776)
(11361, 53332388.71529461)
(11362, 33408248.68648206)
(11363, 27094197.700792897)
(11364, 44045872.46008084)
(11365, 64382234.0872936)
(11366, 68429489.61067201)
(11367, 80317379.56404336)
(11368, 159067165.58288404)
(11369, 121332759.37371369)
(11370, 222245865.92898303)
(11372, 338142237.3328597)
(11373, 209466941.74525315)
(11374, 181371182.78138533)
(11375, 94078629.493109)
(11377, 123821640.59883194)
(11378, 49514003.7962482)
(11379, 66037539.04390554)
(11385, 97631694.65140873)
(11411, 56207819.90234209)
(11412, 64989361.58320509)
(11413, 46957682.33330639)
(11414, 40514786.31657561)
(11415, 122447041.54374059)
(11416, 133800125.93712832)
(11417, 95484062.36608762)
(11418, 80665328.77084158)
(11419, 150745730.132223)
(11420, 76347362.07935278)
(11421, 116115227.90065497)
(11422, 17468585.25416002)
(11423, 68935632.18390805)
(11426, 39400503.089993976)
(11427, 55570603.8501127)
(11428, 82598615.88713361)
(11429, 69878974.79290995)
(11430, 7419354.838709678)
(11432, 96563606.62506153)
(11433, 73399995.95802635)
(11434, 72241743.31205833)
(11435, 130326915.74764349)
(11436, 77391398.08127627)
(11501, 35876489.54507982)
(11507, 25313254.08272779)
(11509, 8935397.71445123)
(11510, 28239685.268673502)
(11514, 15965424.759562002)
(11516, 28784432.939814024)
(11518, 26211951.79525407)
(11520, 30857152.62119554)
(11530, 12141553.0663732)
(11542, 13704105.776474247)
(11545, 3083846.370518582)
(11547, 6842046.229109326)
(11548, 14699039.803730806)
(11550, 48658999.86721917)
(11552, 21289715.379872132)
(11553, 34419070.76177016)
(11554, 21987235.04119003)
(11557, 52329859.3923502)
(11558, 412315270.9359606)
(11559, 307368421.05263156)
(11560, 2977032.0869160728)
(11561, 38530427.979209274)
(11563, 35340691.68965179)
(11565, 28235462.311018977)
(11566, 1535695652.173913)
(11568, 2064185.0524905717)
(11569, 69207920.79207921)
(11570, 26395925.006488528)
(11572, 1047054794.5205479)
(11575, 32529231.728795126)
(11576, 12941576.620182622)
(11577, 14758871.832172114)
(11579, 16764779.039880605)
(11580, 37681205.70840253)
(11581, 28007357.91076182)
(11590, 26361686.392236643)
(11596, 24761774.24728223)
(11598, 24103401.567227475)
(11691, 1349101123.5955057)
(11692, 67431177.64514616)
(11693, 410896551.7241379)
(11694, 50812810.76410934)
(11697, 6095337.716676629)
(11701, 226631666.0675322)
(11702, 624913793.1034483)
(11703, 18991500.970689572)
(11704, 18852837.065590736)
(11705, 8192698.805580014)
(11706, 1599565217.3913043)
(11709, 16646946.936452545)
(11710, 26320407.624494705)
(11713, 7295020.855441316)
(11714, 14029478.126695018)
(11715, 10977967.828455392)
(11716, 4425746.92751826)
(11717, 20263280.880195957)
(11718, 12179230.545808509)
(11719, 2255958.584396988)
(11720, 12859264.42839955)
(11721, 9340466.845202396)
(11722, 15315769.926893398)
(11724, 3647076.279393226)
(11725, 10579606.366055833)
(11726, 29976540.49255908)
(11727, 11060737.278342329)
(11729, 16063916.416288784)
(11730, 6036464.975209135)
(11731, 12294723.053053781)
(11732, 8906546.18161045)
(11733, 5804557.139461309)
(11735, 10530718.971402887)
(11738, 12152396.202014469)
(11740, 9041231.611986374)
(11741, 13481582.807532916)
(11742, 9589185.718252499)
(11743, 41304167.0945751)
(11746, 10429998.425255848)
(11747, 5548289.704606736)
(11751, 12272842.490728308)
(11752, 9094075.158986494)
(11753, 10516797.200189432)
(11754, 9961280.369741205)
(11755, 13461745.364679953)
(11756, 27975635.157601986)
(11757, 24024636.555087913)
(11758, 2118267716.535433)
(11762, 23655092.668508153)
(11763, 7314069.307387965)
(11764, 4899808.202204691)
(11765, 1161332.2071930112)
(11766, 7900563.575619368)
(11767, 12301768.38978911)
(11768, 5194386.306096918)
(11769, 8008546.043663678)
(11770, 919364.3635582756)
(11771, 35062086.55678888)
(11772, 11768729.516867103)
(11776, 12042277.911028758)
(11777, 275092024.5398773)
(11778, 5738749.405082828)
(11779, 10129526.431918409)
(11780, 395012722.64631045)
(11782, 10648885.752418457)
(11783, 19656491.545252495)
(11784, 15341527.096416099)
(11786, 4279018.442812308)
(11787, 8436129.898288649)
(11788, 6521268.850270179)
(11789, 15353290.991050556)
(11790, 10182667.516735034)
(11791, 7960854.7918625055)
(11792, 3471867.20301441)
(11793, 1297108433.7349398)
(11795, 16455135.260200383)
(11796, 11884321.25172141)
(11797, 6437523.764224713)
(11798, 13013663.20161384)
(11801, 21448821.732868273)
(11803, 16768522.608919088)
(11804, 9989253.079022769)
(11901, 4398867.8079676945)
(11930, 555032.7585045443)
(11932, 555291.1942256072)
(11933, 767368.4956438047)
(11934, 5605909.862403202)
(11935, 1122858.912981493)
(11937, 10730762.261836732)
(11939, 1780252.272897678)
(11940, 3439404.751923855)
(11941, 1637962.4604736401)
(11942, 2155044.2690008376)
(11944, 3706350.800628674)
(11946, 47926304.95956175)
(11947, 3850782.1901323707)
(11948, 1479687.5658810136)
(11949, 1666265.3360326535)
(11950, 14176795.12753277)
(11951, 10346251.52584521)
(11952, 1606493.8799408262)
(11953, 4878038.246152151)
(11954, 588337.4743376251)
(11955, 4326148.108347293)
(11956, 3974943.052391799)
(11957, 511049.81875958655)
(11958, 980872.2193817262)
(11959, 17103825.13661202)
(11960, 3043746.8411298925)
(11961, 456725978.64768684)
(11962, 334601.9760481881)
(11963, 1480251.2090469236)
(11964, 980352.3253292333)
(11965, 3427713.1248034197)
(11967, 7054698.527942397)
(11968, 510704845.814978)
(11970, 6516853.93258427)
(11971, 1815971.371451669)
(11972, 5984144.960362401)
(11975, 556167.4609319621)
(11976, 474773.1630904972)
(11977, 1667384.220881436)
(11978, 117934782.60869566)
(11980, 1530882.4079829229)
(12008, 2136467.392005227)
(12009, 489444.5917499892)
(12010, 11116497.917073239)
(12015, 35579196.21749409)
(12017, 92354.39374435921)
(12018, 567009.8375134281)
(12019, 5427652.231100152)
(12020, 1407616.2272807413)
(12022, 136067.51409338685)
(12023, 133740.8246546947)
(12025, 443053.2866344706)
(12027, 1501339.4872009067)
(12028, 222586.61601111872)
(12029, 184299.4427135899)
(12031, 276713.9663073075)
(12032, 61129.373958433345)
(12033, 871878.8906804242)
(12035, 207563.16701018973)
(12036, 89398.58279720323)
(12037, 376094.4089702123)
(12041, 14401197.60479042)
(12042, 562406.3520788283)
(12043, 460299.5306286359)
(12045, 2826855.1236749114)
(12046, 179400.00469909437)
(12047, 128612820.73083791)
(12051, 1351507.379956706)
(12052, 261016.893852353)
(12053, 252180.31238691884)
(12054, 3425937.7385732885)
(12056, 416424.80377558485)
(12057, 219371.4166097516)
(12058, 274792.40812282555)
(12059, 199002.74262848482)
(12060, 143881.4989301499)
(12061, 1765231.2638256133)
(12062, 212585.36481432116)
(12063, 1859467.790164923)
(12064, 215684.76464884568)
(12065, 4166123.1639080658)
(12066, 1743618.8675345979)
(12067, 239532.15838515246)
(12068, 319914.8652674697)
(12070, 453349.8211197355)
(12071, 74561.49556000101)
(12072, 215062.4373137645)
(12074, 806786.7017154633)
(12075, 321180.80270957074)
(12076, 77199.77278562874)
(12077, 2311733.1003094525)
(12078, 1154029126.2135923)
(12083, 334243.23236721626)
(12084, 4008085.6159369964)
(12086, 3666489.076221688)
(12087, 1127606.6050634056)
(12090, 379363.1533450446)
(12092, 333903.0682465608)
(12093, 98898.71003076308)
(12094, 1909254.835011087)
(12095, 736223.8793391786)
(12106, 507933.06679007143)
(12108, 16839.331886554068)
(12110, 5456093.613297248)
(12115, 117946.16412863995)
(12116, 222386.0517615118)
(12117, 88000000.0)
(12118, 169889975.55012226)
(12120, 152475.34898945907)
(12121, 344199.6961844853)
(12122, 151509.66551976296)
(12123, 512605.60610861017)
(12125, 324709.7241693769)
(12130, 6583599.034138663)
(12131, 22245.378909407726)
(12134, 15364715.341991644)
(12136, 148164.9931455262)
(12137, 288839.44346023805)
(12138, 117180.25685779144)
(12139, 5587.309995474089)
(12140, 821579.6437472336)
(12143, 853321.8338927737)
(12144, 4159812.9085946125)
(12147, 104923.14537301546)
(12148, 1113901.7572293906)
(12149, 222513.7906384473)
(12150, 2678278.4003000613)
(12151, 931507.8586107902)
(12153, 130259.00739435898)
(12154, 93311258.2781457)
(12155, 117077.46228648908)
(12156, 182039.64256687916)
(12157, 16591559.998856036)
(12158, 761578.8595655344)
(12159, 318387096.7741935)
(12160, 741617.1338697488)
(12164, 34601.63001169061)
(12165, 139248.39287461995)
(12166, 101644.23533258024)
(12167, 148182.45527023243)
(12168, 181195.9115815934)
(12169, 157702.28797159297)
(12170, 576497.6201548697)
(12173, 452652.1465084975)
(12175, 95392.58597331618)
(12176, 195106.569573229)
(12180, 3215838.7768510478)
(12182, 4229671.780570381)
(12183, 12511580.374965377)
(12184, 662913.9873738441)
(12185, 700304.1871108275)
(12186, 678800.8766772259)
(12187, 126317.8192578674)
(12188, 179411764.70588237)
(12189, 8751684.405333307)
(12190, 13031.523254753247)
(12192, 8466617.827098094)
(12193, 181116.53492445167)
(12194, 55787.088442208886)
(12196, 1093650.94313412)
(12197, 111149.96409900958)
(12198, 1879822.203024128)
(12202, 15382919.335537132)
(12203, 9160296.938952455)
(12204, 6108747.170683334)
(12205, 6652984.360542083)
(12206, 25661092.0246359)
(12207, 7510071.900842377)
(12208, 15761232.028601969)
(12209, 19313706.033219345)
(12210, 39125209.91572558)
(12211, 74485330.94340618)
(12302, 1301037735.8490565)
(12303, 6506579.148088582)
(12304, 9980231.874766255)
(12305, 262201834.8623853)
(12306, 1226602870.8133972)
(12307, 35512301.420584396)
(12308, 25361989.266429063)
(12309, 5514754.595018021)
(12401, 1168000000.0)
(12404, 320678.2425354442)
(12405, 712400.9831133567)
(12406, 77709.7620646058)
(12407, 28752.194640059086)
(12409, 284195.1445047475)
(12410, 26433.177592868342)
(12411, 3840121.1531180697)
(12412, 186296.08232902767)
(12413, 686724.0722644307)
(12414, 503789.49402853666)
(12416, 796856.3012059284)
(12418, 106647.87651566094)
(12419, 2445111.9773234488)
(12420, 349191.232702769)
(12421, 45320.757176782965)
(12422, 147086.0687798755)
(12423, 282978.83591741766)
(12424, 41149.50652688783)
(12427, 44128.39524332673)
(12428, 405820.2067728332)
(12429, 988942.148643988)
(12430, 102230.42120474699)
(12431, 295361.89852896513)
(12433, 508256.2705985849)
(12434, 275733.94428044825)
(12435, 148191.7874475192)
(12439, 2443401.214490571)
(12440, 2244114.3002216914)
(12442, 202778.42616280023)
(12443, 815580.1610818793)
(12444, 112200.30440823031)
(12446, 258308.38376837276)
(12448, 4608076.009501188)
(12449, 6958365.538420842)
(12450, 33573.55240657242)
(12451, 560982.9332504035)
(12454, 56050.997726631926)
(12455, 20601036.269430052)
(12456, 3409254.6056948956)
(12457, 148603.25598887677)
(12458, 227764.74833122856)
(12459, 58966.41038863626)
(12460, 299651.560405752)
(12461, 183643.6450139121)
(12463, 812552.7351653003)
(12464, 69999.20049932764)
(12466, 4908065.634205106)
(12468, 82985.24520738181)
(12469, 57297.10835797236)
(12470, 395062.89312811685)
(12471, 3199404.761904762)
(12472, 1474496.0028214273)
(12473, 138985.3616613803)
(12474, 114763.1538376374)
(12477, 1168470.175431613)
(12480, 40368.4043503132)
(12481, 760510.8658831236)
(12482, 3952913.820665601)
(12484, 459362.5500016892)
(12485, 147552.20277527784)
(12486, 1768115.639174384)
(12487, 570947.1748073228)
(12489, 4095918.030915939)
(12491, 714110.308086372)
(12492, 54226.06104493819)
(12493, 270648.12845452264)
(12494, 219606.55358845447)
(12495, 128557.77580494147)
(12496, 207366.0376055898)
(12498, 697634.2848925003)
(12501, 270575.4634637227)
(12502, 117013.58413110829)
(12503, 99247.8168041537)
(12507, 682075.3060149241)
(12508, 4681581.790624968)
(12513, 6536144.578313253)
(12514, 374801.5962618835)
(12515, 1440304.5374706986)
(12516, 308194.75218149094)
(12517, 341238.8108531372)
(12518, 2230866.14233078)
(12520, 2696895.490745632)
(12521, 175758.7802682759)
(12522, 387377.0796801398)
(12523, 254966.99964108926)
(12524, 3339655.226309923)
(12525, 2309489.7638893733)
(12526, 404714.1401696571)
(12528, 1080734.0049909437)
(12529, 2673566.7568765557)
(12531, 877557.0332869738)
(12533, 1791003.5387659522)
(12534, 709007936.5079365)
(12538, 2075305.192149373)
(12540, 843537.5208776076)
(12542, 1299989.5789774999)
(12543, 5647506.045522549)
(12545, 290202.18800142204)
(12546, 233385.02515973512)
(12547, 1324609.5128131115)
(12548, 833427.7029360196)
(12549, 2056537.9601707805)
(12550, 5695727.811851742)
(12553, 3278736.9121537856)
(12561, 2710871.3819758147)
(12563, 1522908.431080293)
(12564, 597420.1998695412)
(12565, 1812621.0598043052)
(12566, 627088.2408737317)
(12567, 205967.75327285935)
(12569, 4333785.26548294)
(12570, 1687942.6217899162)
(12571, 756666.3772647921)
(12572, 586585.7615967067)
(12575, 509873.66513809946)
(12577, 1380362.2549499832)
(12578, 539774.5081357966)
(12580, 768694.9421374574)
(12581, 203906.5628589189)
(12582, 1342824.564558064)
(12583, 29283154.121863797)
(12585, 520247.93194098916)
(12586, 4685393.044321054)
(12589, 3380689.4110324136)
(12590, 3547536.7601394397)
(12592, 364457.58606447617)
(12594, 4735535.569687698)
(12601, 947554585.1528383)
(12603, 4431833.463272358)
(12701, 646649.0968155444)
(12719, 245975.53857842035)
(12720, 375600.797496577)
(12721, 1107176.9693824719)
(12723, 176143.34248101854)
(12724, 93460.0473556338)
(12725, 15565.787141625848)
(12726, 142724.43755578628)
(12729, 667565.0653298267)
(12732, 111949.75307673101)
(12733, 979216.3695722396)
(12734, 240905.27032377722)
(12736, 123247.63792768498)
(12737, 201881.10914961123)
(12738, 198351.69739465046)
(12740, 98235.43940878726)
(12741, 292906.1632129887)
(12742, 405921.5203442932)
(12743, 81308.01818289747)
(12746, 231674.1311725579)
(12747, 415972.06531586574)
(12748, 408584.6066339891)
(12749, 522628.05258335045)
(12751, 1800192.3165605739)
(12752, 628692.2681242628)
(12754, 800022.7786571516)
(12758, 92185.68916385961)
(12759, 8147394.217277021)
(12760, 30018.08122307364)
(12762, 347893.44404317415)
(12763, 314133.9257636839)
(12764, 108912.31531142756)
(12765, 265396.5218961127)
(12766, 224634.8911960086)
(12768, 115110.39147609078)
(12770, 234735.82703141653)
(12771, 1538574.4176563157)
(12775, 609626.6335445928)
(12776, 54463.63327047447)
(12777, 49157.54013610204)
(12778, 373134.32835820894)
(12779, 1306357.927202939)
(12780, 36582278.48101266)
(12783, 152962.3665809142)
(12785, 1843732.8387904104)
(12786, 115898.09960230395)
(12787, 9868995.633187773)
(12788, 477012.83669757517)
(12789, 653134.9054055975)
(12790, 225201.5598821814)
(12791, 665454.3418864231)
(12792, 2421097.5160262203)
(12801, 12757921.327163866)
(12803, 4164983.316949341)
(12804, 915172413.7931035)
(12808, 56269.36328089372)
(12809, 217233.25981596622)
(12810, 45924.18466444253)
(12812, 10804.96250317846)
(12814, 50938511.326860845)
(12815, 66164.8821266168)
(12816, 228632.06460060977)
(12817, 137985.71319954706)
(12819, 32842.99207970464)
(12821, 904840.1048824843)
(12822, 328538.05546379456)
(12823, 158661.37795406822)
(12824, 147374.435414967)
(12827, 109645.51325582298)
(12828, 326920415.2249135)
(12831, 866467661.6915423)
(12832, 277355.34148878773)
(12833, 393288.5896444192)
(12834, 251750.35985335408)
(12835, 303953.3198697076)
(12836, 48381.66287775311)
(12837, 163371.99803953603)
(12838, 315870.90231536486)
(12839, 1482522.9118417117)
(12842, 31344086.021505374)
(12843, 46516.94309876958)
(12844, 249744.9213303498)
(12845, 103905579.39914162)
(12846, 229114.01374684082)
(12847, 5116.747906668658)
(12849, 427690.3388640544)
(12850, 246756.9091934574)
(12851, 16034.615844119351)
(12852, 9609.177346205723)
(12853, 207125.70950794773)
(12855, 4919.40738121559)
(12856, 10939.336232666928)
(12857, 25425.50319904396)
(12859, 420341.0215347143)
(12860, 152771.81792948843)
(12861, 63268.13252731049)
(12863, 400765.7407699815)
(12865, 225150.42759219412)
(12866, 1991682.788785372)
(12870, 45208.96157262234)
(12871, 122642642.64264263)
(12873, 101651.56164973855)
(12874, 23798.25914058453)
(12878, 30293.8069515144)
(12883, 205467.47940469632)
(12885, 329685.8463545034)
(12886, 192949.24717515847)
(12887, 1170598.2081748345)
(12901, 82790499.60509929)
(12903, 14368358.913813459)
(12910, 132077.79086736185)
(12912, 68664.02219683082)
(12913, 65664.77095821417)
(12914, 96216.73760193422)
(12916, 48194130.9255079)
(12917, 111856.38628610408)
(12918, 530207.9345918034)
(12919, 268609.309572362)
(12920, 154237.71374771974)
(12921, 271796.50043397216)
(12923, 37379.0783857017)
(12926, 155905.41540425998)
(12927, 14810.437311881826)
(12928, 95404.3292395875)
(12930, 70350.84655148805)
(12932, 54331.707470174595)
(12934, 47783.659083079634)
(12935, 65720.29442691903)
(12936, 62585.846571267306)
(12937, 162343.41270432217)
(12941, 114897.47090390517)
(12942, 35760.29882767112)
(12943, 14818.704769656795)
(12944, 82591093.1174089)
(12945, 61408.849920043365)
(12946, 36479574.89206244)
(12950, 58949.37118344067)
(12952, 91473.6352376547)
(12953, 266761.43581731815)
(12955, 665638.217766775)
(12956, 345291.6507710919)
(12957, 165921.62154835445)
(12958, 189129.97759167632)
(12959, 109868.17664651989)
(12960, 169295.6651461517)
(12961, 38299.559150796646)
(12962, 919264.5348778894)
(12964, 3361169.102296451)
(12965, 173991.80013062872)
(12966, 114753.15356625245)
(12967, 99879.31997454914)
(12969, 12575.314390291976)
(12970, 26383561.643835615)
(12972, 47157857.296352014)
(12974, 668497.8239329746)
(12979, 1350393.7769353446)
(12980, 22975.639162371626)
(12981, 69297.38997978195)
(12983, 254897959.18367347)
(12985, 46839.134009078145)
(12986, 264935064.93506494)
(12987, 24753.304381408765)
(12989, 33568.78568241436)
(12992, 221888.78532840515)
(12993, 84345.90426838608)
(12996, 2374058.7983575063)
(13021, 1139230.2856582596)
(13026, 235056.09968736555)
(13027, 811205128.2051282)
(13028, 231096.08358899408)
(13029, 8813680.359341273)
(13030, 636687.1850508729)
(13031, 2524654.3840523534)
(13032, 549793.7542655764)
(13033, 187993.33712703464)
(13034, 319529.67288450955)
(13035, 379070.0707748501)
(13036, 8317235.4582528435)
(13037, 751636.6069753263)
(13039, 4021731.15379676)
(13040, 95607.71302571891)
(13041, 39403409.195478454)
(13042, 266505.3155706861)
(13044, 257871.94666321194)
(13045, 926328.4909351503)
(13052, 129921.17058123513)
(13053, 507372.4813104313)
(13054, 51699346.405228764)
(13057, 2084157.014650823)
(13060, 664208.9829649096)
(13061, 166234.9619297961)
(13062, 2446958.981612447)
(13063, 158606.6017282103)
(13066, 2811465.0592075484)
(13068, 396340.26136307087)
(13069, 1911485.7360427652)
(13071, 149869.71004239863)
(13072, 104720.63462756101)
(13073, 419534.13095983566)
(13074, 412523.8869530129)
(13076, 496407.21904295264)
(13077, 366483.0641836727)
(13078, 847856.1425484564)
(13080, 164298642.53393665)
(13081, 135596.93214550885)
(13082, 681635.6905623054)
(13083, 105467.86454218201)
(13084, 385568.4922767806)
(13088, 9677116.432447778)
(13090, 6912251.532161451)
(13092, 187732.64422149773)
(13101, 248677.06873194227)
(13104, 1153208.0660114756)
(13108, 719799.4865935451)
(13110, 318131.6825682616)
(13111, 212123.98372335237)
(13112, 9567730.609948888)
(13114, 60511433.957234524)
(13116, 8774044.867678674)
(13118, 217515.0537662994)
(13120, 561774.163890373)
(13122, 208423.06117731688)
(13124, 83850.58096956968)
(13126, 3255753.5522760875)
(13131, 256791.25514686812)
(13132, 90877944.3254818)
(13135, 1907311.080505995)
(13136, 87004.66403654066)
(13140, 46798748.696558915)
(13141, 117832.57651604657)
(13142, 748112.6420367404)
(13143, 223503.7926407584)
(13144, 134997.04479036178)
(13145, 418870.39397522574)
(13146, 168938.29782805374)
(13147, 123505.3895495929)
(13148, 47476250.833594635)
(13152, 423100.89317925234)
(13155, 87216.1168017179)
(13156, 221150.20887084352)
(13158, 90369.51779166322)
(13159, 241462.87375567318)
(13160, 379121.3549314673)
(13164, 571108.3654917662)
(13165, 1427177.2225651054)
(13166, 177531645.56962025)
(13167, 60874316.93989071)
(13202, 18185162.27197485)
(13203, 31921630.793251228)
(13204, 14405008.326009529)
(13205, 18553501.35617099)
(13206, 13436062.873223968)
(13207, 14970488.843500922)
(13208, 20830674.886886902)
(13209, 3259647.688278929)
(13210, 21019514.204504356)
(13211, 4701182.401116108)
(13212, 6788990.336127727)
(13214, 8910963.332596919)
(13215, 1499211.3037287043)
(13219, 11302539.926371269)
(13224, 9105666.077783752)
(13302, 116437.38626562449)
(13303, 119577.1676680347)
(13304, 394798.0434521666)
(13308, 439912.2359919809)
(13309, 143211.1390591833)
(13310, 295422.3735104605)
(13312, 18933.51459170505)
(13313, 959642.1228159475)
(13314, 64476.24043262829)
(13315, 97740.91068078783)
(13316, 132232.2873418248)
(13317, 304478.6197913356)
(13318, 187795.39684427198)
(13319, 2549796.6543075964)
(13320, 82121.12434481138)
(13322, 270310.2614146421)
(13323, 992739.8392117419)
(13324, 64919.29344608164)
(13325, 29715.02671744619)
(13326, 193498.02110781218)
(13327, 61645.75023762548)
(13328, 266716.0101810995)
(13329, 229764.89952113305)
(13331, 2800000.0)
(13332, 167692.56798808865)
(13334, 162599.41315102633)
(13335, 143793.21992359063)
(13337, 139954.64052384844)
(13338, 14163.00930830317)
(13339, 58799610.31809903)
(13340, 472838.82402650523)
(13341, 2377622.3776223776)
(13342, 65565.6928505579)
(13343, 632134.8696727005)
(13346, 607453.905883518)
(13348, 145626.97269281125)
(13350, 58868818.13250587)
(13354, 229639.9167771749)
(13355, 129664.35271913312)
(13357, 1188604.3946226577)
(13360, 23949.482558124066)
(13361, 108002.79758702876)
(13363, 380153.3980541072)
(13365, 1344769.7651786774)
(13367, 150795.02106604737)
(13368, 1754193.2750694305)
(13402, 166568.84999628097)
(13403, 10523265.524029218)
(13406, 318034.76448977354)
(13407, 329060.57460264256)
(13408, 407923.7861122156)
(13409, 256601.68360536822)
(13411, 159453.05258066996)
(13413, 131757308.50890088)
(13416, 867255.3259253206)
(13417, 8564461.501385085)
(13418, 133484.93033657048)
(13420, 34341.897350766754)
(13421, 1260804.3119239686)
(13424, 796805.526233762)
(13425, 283649.79243170517)
(13428, 368399.3151152549)
(13431, 203721.95783004703)
(13433, 991031.1679302314)
(13436, 12224.586019488028)
(13437, 14067278.287461773)
(13438, 28805583.21993051)
(13439, 163412.55725800182)
(13440, 3567504.224304774)
(13450, 106227.8096234224)
(13452, 231753.58560946913)
(13454, 36336.10954114092)
(13456, 560555.0949329131)
(13459, 164909.2305307101)
(13460, 243247.31930909192)
(13461, 3106028.0922761355)
(13464, 100823.92394840394)
(13468, 167258.99591939972)
(13469, 772846.8868960936)
(13470, 39458.1551706919)
(13471, 151154.30651428946)
(13473, 80653.36384543446)
(13476, 440818.8355258691)
(13477, 242780.86418617747)
(13478, 332570.352437197)
(13480, 257405.73498811503)
(13483, 268860.6818558949)
(13485, 117686.6750301832)
(13486, 32600000.0)
(13489, 60857.02225295286)
(13490, 394459.82480303093)
(13491, 168461.63985955084)
(13492, 2967786.6162446644)
(13493, 99596.79656286162)
(13495, 5015697.448638229)
(13501, 15133324.486650275)
(13502, 18367224.084331166)
(13601, 951571072.3192021)
(13602, 650893.4984946935)
(13603, 7334270.657131112)
(13605, 209288.04299776183)
(13606, 244367.1834666706)
(13607, 1776855.43398865)
(13608, 151781.25769005175)
(13612, 469278.6995517171)
(13613, 14815539.46824931)
(13614, 137380.0281763744)
(13615, 4665624.151120704)
(13616, 1023333.0829433237)
(13617, 1007688.8109976583)
(13618, 90781.38150798644)
(13619, 356171.1428970322)
(13620, 2431038.508225364)
(13621, 239453.01563443994)
(13622, 43274021.35231317)
(13624, 182508361.20401338)
(13625, 112628.7248951145)
(13626, 90782.26440520718)
(13630, 137288.0452631033)
(13633, 56369.122661171576)
(13634, 294111.7846251293)
(13635, 78113.8844639853)
(13637, 477953.6813820917)
(13638, 1299938.442068484)
(13639, 56650.64595724204)
(13640, 12783018.867924528)
(13642, 207213.72857503404)
(13646, 9219875.900720578)
(13648, 48033.38272541612)
(13650, 117918.8801182071)
(13652, 76910.1135189038)
(13654, 638982.2811589544)
(13655, 1363676.4281617822)
(13656, 116008.33994944453)
(13658, 99973.35457728237)
(13659, 35140.330509919375)
(13660, 563247.3787849047)
(13661, 111610.10940774225)
(13662, 720956521.7391304)
(13664, 2100486.428436059)
(13665, 78808.2759054508)
(13667, 413745.4538076158)
(13668, 833877.5204505394)
(13669, 60200668.896321066)
(13670, 10975.226463588564)
(13672, 18454.33537554159)
(13673, 7934184.02085678)
(13675, 351277.0016751522)
(13676, 637777777.7777778)
(13679, 86186046.5116279)
(13680, 311500.73743542744)
(13681, 251773.50152664)
(13682, 1386390.2949517688)
(13684, 21921.136202531605)
(13685, 429585.75227423303)
(13687, 55842.813787649015)
(13690, 74590.67704705561)
(13691, 146147.57343259832)
(13693, 86189.92386670959)
(13694, 7582199.1899574855)
(13697, 482417.0511269017)
(13730, 529124.2832771073)
(13731, 148669.64338604963)
(13732, 213429319.37172773)
(13733, 639367.771181846)
(13734, 196390.26618738397)
(13736, 132670.52546096622)
(13739, 79209.57982102293)
(13740, 53257.642111144465)
(13743, 219003.1306629874)
(13744, 326431.19407497236)
(13746, 13546824.312788118)
(13748, 13769313.273617996)
(13750, 157540.7030643398)
(13752, 61326.03192812025)
(13753, 216064.74641709562)
(13754, 4257667.338546296)
(13755, 96127.44181706541)
(13756, 74076.51778011648)
(13757, 96805.96813888627)
(13760, 3330280.7264742875)
(13774, 68506.83057408725)
(13775, 120923.73575012753)
(13776, 86159.95654716578)
(13777, 252692.72425697217)
(13778, 204994.8787468044)
(13780, 204209.2110665368)
(13782, 67530.47234300686)
(13783, 103088803.0888031)
(13786, 167820.4928352585)
(13787, 126445993.03135888)
(13788, 115455.77711699119)
(13790, 2139984.371303419)
(13795, 692592.3421522817)
(13796, 217802.30775289872)
(13797, 219678.3147919954)
(13801, 80200.42993855661)
(13802, 284463.3487992121)
(13803, 155201.52947886137)
(13804, 119049.03267332671)
(13807, 178278.4840767873)
(13808, 154717.0259666014)
(13809, 245944.9482145645)
(13810, 101777.99694347123)
(13811, 256900.1043295279)
(13812, 694804.4723155336)
(13813, 97510.41050884765)
(13815, 462164.7700105477)
(13820, 738434.0364323722)
(13825, 220104.43642169528)
(13827, 1859345.031126122)
(13830, 149656.89331760898)
(13832, 106481.20614220844)
(13833, 418053.3823220503)
(13834, 1648044.69273743)
(13835, 124156.35714237587)
(13838, 1200750.8982482762)
(13839, 110702.8369473279)
(13841, 205127.409713888)
(13842, 10893416.927899685)
(13843, 151544.77746837385)
(13844, 80385.05775011328)
(13846, 94732.29430124683)
(13849, 198108.9152407265)
(13850, 1495924.8556779914)
(13856, 3955940.0875392687)
(13859, 840836.9561702186)
(13861, 173342.28400126955)
(13862, 6482142.000535407)
(13863, 170237.82570665402)
(13864, 172952.8270787831)
(13865, 292247706.42201835)
(13901, 16561105.983372727)
(13903, 1638029.1653524225)
(13904, 1379681.450435675)
(13905, 3989188.5105791213)
(14001, 508318.1233565195)
(14004, 904445.7094787105)
(14005, 226180.90691482637)
(14006, 1243339.8140539778)
(14008, 204161.0726486371)
(14009, 264880.00310085196)
(14011, 495702.84880255617)
(14012, 238322.35590830582)
(14013, 155839.61104711491)
(14020, 1197399.8964233163)
(14024, 91474.08427559408)
(14025, 424442.6449355012)
(14026, 2752986.8273256407)
(14028, 499411.19576574455)
(14030, 283680.4166632652)
(14031, 1840899.4063726636)
(14032, 1171678.8975042757)
(14033, 426569.1651432053)
(14034, 359013.0205721531)
(14036, 341272.18211769196)
(14037, 260833.1314449104)
(14039, 238633.59819300025)
(14040, 234710.07324394095)
(14042, 312683.61003745114)
(14043, 11070142.07025348)
(14047, 1822316.243176218)
(14048, 2325819.32587349)
(14051, 4584321.306638359)
(14052, 921128.9024990187)
(14054, 160466.24997179303)
(14055, 185971.40276045096)
(14057, 603876.0568947081)
(14058, 204574.29923678117)
(14059, 1187866.3962130826)
(14060, 99611.9630594769)
(14062, 166588.7934532656)
(14063, 996882.8472261282)
(14065, 186542.89768417223)
(14066, 127723.26496714615)
(14067, 839823.9169187527)
(14068, 6649566.89464296)
(14069, 548025.2585101376)
(14070, 458683.4979617814)
(14072, 2479009.5156051423)
(14075, 3646481.3024903927)
(14080, 276654.2293659072)
(14081, 1082285.1427951981)
(14082, 175181.76135802877)
(14085, 4231898.604791433)
(14086, 3224761.20849311)
(14091, 175218.31650111594)
(14092, 128757259.00116143)
(14094, 3354048.6072913255)
(14098, 216330.17865230687)
(14101, 169287.15179832277)
(14102, 1835235.6651762242)
(14103, 469874.5813439749)
(14105, 362660.14312605734)
(14108, 738138.2426763121)
(14111, 327145.99280317855)
(14113, 139224.434739883)
(14120, 1274011299.4350283)
(14125, 368263.11942231574)
(14127, 2647228.1548233964)
(14129, 174765.10515345057)
(14131, 435218.8698643679)
(14132, 876091.3981153468)
(14134, 23744292.23744292)
(14136, 711951.3762530761)
(14138, 129919.71116363123)
(14139, 322253.52420245286)
(14141, 362970.52484889736)
(14143, 243434.78053371972)
(14145, 198063.36142413676)
(14150, 9635978.017318217)
(14167, 172087.3491790978)
(14170, 530757.0950452223)
(14171, 142013.85076060484)
(14172, 458549.6218756829)
(14174, 818140.0600995464)
(14201, 35723012.87067768)
(14202, 16851439.330940552)
(14203, 7908925.158496229)
(14204, 18091738.91774306)
(14206, 13895250.263160009)
(14207, 981333333.3333333)
(14208, 34280872.04375626)
(14209, 24474293.65446966)
(14210, 15636506.037943056)
(14211, 22480768.90572911)
(14212, 18923927.270657863)
(14213, 374082568.80733943)
(14214, 22111870.971781787)
(14215, 30255674.40449671)
(14216, 28523724.627987355)
(14217, 27820234.83690565)
(14218, 137092535.12100634)
(14219, 6025033.974381071)
(14220, 23496061.03719393)
(14221, 8205426.935005297)
(14222, 40862992.895669326)
(14223, 22715428.250716593)
(14224, 6950011.455871373)
(14225, 9202856.482852116)
(14226, 14225927.186117725)
(14227, 9200843.181513792)
(14228, 120422868.62434901)
(14301, 17647731.074849676)
(14303, 3519736.842105263)
(14303, 7123409.708608356)
(14304, 4738966.958535716)
(14305, 7358717.672244857)
(14411, 429020.7759920317)
(14414, 164562211.98156682)
(14415, 539879.508709647)
(14416, 367204.3865195104)
(14418, 115611.26380038568)
(14420, 2525938.7885317663)
(14422, 261386.7115782981)
(14423, 111345707.65661253)
(14424, 730157.897625412)
(14425, 1671070.5672970382)
(14427, 199396.18692356962)
(14428, 543570.7252251327)
(14432, 546701.3362770805)
(14433, 577396.948864384)
(14435, 280701.6338247664)
(14437, 332527.4991356907)
(14441, 2764075.5230481373)
(14445, 12307649.805232476)
(14450, 4470544.372306379)
(14454, 753206.7916900605)
(14456, 5393873.320372499)
(14462, 185809.11928463206)
(14464, 898135.509358264)
(14466, 368964.0887831912)
(14467, 3486727.64961623)
(14468, 1146687.7056898833)
(14469, 341501.0839365192)
(14470, 455214.54910220916)
(14471, 313484.552086655)
(14472, 628564.9200535311)
(14475, 532243.9769997817)
(14476, 295064.8343071676)
(14477, 226659.20558304025)
(14478, 1230858.9852320072)
(14480, 2013069.2418486404)
(14481, 306001.46208171116)
(14482, 435814.61862850224)
(14485, 422901.41491098655)
(14487, 649481.6866645941)
(14489, 358285.2721936853)
(14502, 1048532.921883954)
(14504, 4518876.470760133)
(14505, 438451.14956639434)
(14506, 1396701.0448377929)
(14507, 158519.7377607157)
(14510, 227782.4192549714)
(14512, 157652.17475514824)
(14513, 981932.6776108318)
(14514, 7957612.541864963)
(14516, 271667.1807092179)
(14517, 308952.2201051488)
(14519, 997351.0473305553)
(14521, 219726.5935868166)
(14522, 733788.5660935214)
(14525, 203375.3926422829)
(14526, 3886824.403228003)
(14527, 10188721.831998944)
(14530, 423232.52782250923)
(14532, 382788.6607476534)
(14533, 232063.6281338162)
(14534, 22749499.961270977)
(14536, 130461.8063092241)
(14541, 328079.9227800455)
(14543, 416239.961281232)
(14544, 263576.2797406189)
(14545, 291549.6114637981)
(14546, 420553.0501024241)
(14548, 555765.1973790484)
(14550, 217929.3001619511)
(14551, 467770.79115346185)
(14555, 20207468.87966805)
(14559, 3448496.4750166866)
(14560, 207979.3727518958)
(14561, 219667.67398697682)
(14564, 1231210.4846407194)
(14568, 921135.9580225184)
(14569, 285310.20399013505)
(14571, 255203.51503780202)
(14572, 228294.61228758795)
(14580, 3956577.2161783315)
(14585, 209740.7080496736)
(14586, 3341381.623508783)
(14589, 644120.323054144)
(14590, 170187500.0)
(14591, 192613.7476189117)
(14604, 18006198.34710744)
(14605, 25099322.457623743)
(14606, 1095155038.7596898)
(14607, 31760543.940672405)
(14608, 27129588.677576296)
(14609, 20452657.557913005)
(14610, 11504816.778133977)
(14611, 20834306.423352245)
(14612, 1547757847.5336323)
(14613, 30437657.56085465)
(14614, 13600000.0)
(14615, 9404159.81755965)
(14616, 319529675.2519597)
(14617, 9702368.179944891)
(14618, 209485335.11255723)
(14619, 36788988.99498139)
(14620, 19297148.142320402)
(14621, 33249035.294025067)
(14622, 8455608.405047944)
(14623, 363275401.0695187)
(14624, 4363819.111185653)
(14625, 4733904.178888437)
(14626, 7218333.379787994)
(14701, 1576288.7166482676)
(14706, 680181.1833162128)
(14708, 63208.22135173718)
(14709, 119982.61619945097)
(14710, 235878.60114660987)
(14711, 491261.74431300553)
(14712, 434303.58990513155)
(14714, 143063.74385773294)
(14715, 193766.51635595367)
(14716, 893611.5697363932)
(14717, 215858.76320395496)
(14718, 256129.37244988163)
(14719, 133781.0145191613)
(14721, 6117021.276595745)
(14723, 114783.20864360992)
(14724, 115553.74834750178)
(14726, 7579432.87842674)
(14727, 174619.35543734557)
(14728, 140566.68689499915)
(14729, 90993.84572530973)
(14731, 117650.58061233396)
(14733, 480030.0366303119)
(14735, 81390532.5443787)
(14736, 199068.19144430326)
(14737, 139861.38657697118)
(14738, 196235.6614536564)
(14739, 132471.2193384799)
(14740, 232180.02112821967)
(14741, 106068.09753077659)
(14743, 121620.6611334609)
(14744, 52878787.878787875)
(14747, 180432.3091914536)
(14748, 321327.62581957923)
(14750, 1297964.3426379526)
(14753, 104081.99590348975)
(14754, 184802.220064811)
(14755, 141459.14918337177)
(14757, 257340.3056541584)
(14760, 2168284.767219184)
(14767, 152393.931305808)
(14769, 353602.4354319644)
(14770, 321397.6883663799)
(14772, 188852.76053469963)
(14775, 162984.53529235133)
(14777, 251881.463903347)
(14779, 498675.83294043073)
(14781, 107159.89952302528)
(14782, 146458.03056343034)
(14783, 70192.50953795562)
(14784, 127576.50823714459)
(14787, 453008.966764481)
(14801, 177560.70508626287)
(14802, 12493805.972855054)
(14803, 169203.32330316017)
(14804, 91042.7646763676)
(14805, 131821.28724445694)
(14806, 124702.89631132789)
(14807, 141977.5178877364)
(14808, 731729.0596724428)
(14809, 161549.05796072548)
(14810, 348399.4771639313)
(14812, 165133.28839251623)
(14813, 144994.3713990547)
(14814, 1034249.1249588255)
(14815, 165014.11254416005)
(14816, 344350.5647680368)
(14817, 186168.6691271177)
(14818, 147534.27529811225)
(14819, 63792.01123853364)
(14820, 89165.50414107802)
(14821, 200664.3479459243)
(14822, 104255.22749890818)
(14823, 155187.71574720013)
(14824, 92141.99979125353)
(14825, 186007.91393844938)
(14826, 130146.96446594376)
(14830, 18401.394729378106)
(14830, 1459408.9121874762)
(14837, 44251.14864403779)
(14838, 186402.34889831065)
(14838, 133838862.5592417)
(14839, 66778.41314111592)
(14840, 182233.23043496173)
(14841, 259852.45492411882)
(14842, 210262.1843909693)
(14843, 476046.0475914654)
(14845, 915291.1120681847)
(14846, 82988.6040509965)
(14847, 213012.3544500706)
(14850, 1715830.292282019)
(14855, 129453.95751987342)
(14858, 136340.16581284846)
(14859, 97867.53396260223)
(14860, 142952.15601845086)
(14861, 152922.50260071727)
(14864, 335924.9502024031)
(14865, 412856.02299451263)
(14867, 299681.69918285747)
(14869, 254714.9059976303)
(14870, 538662.9574740925)
(14871, 341298.5509074062)
(14872, 642681.0315614812)
(14873, 120477.09520274281)
(14874, 786923.2246225128)
(14877, 28576.54526955913)
(14878, 175707.50392529665)
(14879, 223177.24545113492)
(14880, 122176.6159670334)
(14881, 223085.12789052096)
(14882, 406999.15142910846)
(14883, 201162.5209321373)
(14884, 42832.4251185658)
(14885, 72408.32923047115)
(14886, 328818.7023780755)
(14889, 142969.3088953526)
(14891, 281447.8262276406)
(14892, 721942.2211717468)
(14894, 421228.7712577126)
(14895, 298709.4793726132)
(14897, 144663.7954347649)
(14898, 105477.25629933107)
(14901, 244678362.57309943)
(14903, 1260145.9484484235)
(14904, 8721523.974943511)
(14905, 8083036.94045912)
