Data of the Zipcodes and the corresponding Populations from where Incidents have occurred in Manhattan are: 

10039   24527
10012   24090
10128   60453
10016   54183
10014   31959
10038   20300
10023   60998
10282   4783
10036   24711
10035   0
10013   27700
10153   0
10035   33969
10004   0
10030   26999
10005   7135
10019   42870
10033   53926
10004   3089
10103   0
10022   31924
10028   45141
10017   16575
10026   34003
10011   50984
10111   0
10112   0
10034   38908
10032   57331
10001   21102
10162   1685
10009   61347
10048   0
10044   11661
10280   7853
10037   17416
10029   76003
10020   0
10031   56438
10027   59707
10024   59283
10003   56024
10119   0
10006   3011
10002   81410
10021   43631
10007   6988
10018   5229
10025   94600
10040   41905
10010   31834
10069   5199
