06390 143643.70518 
10001 117144823.911 
10002 310056557.424 
10003 368777893.337 
10004 103657718.121 
10005 293621399.177 
10006 170112994.35 
10007 131353383.459 
10009 389247734.829 
10010 350594713.656 
10011 288105423.168 
10012 275945017.182 
10013 194192453.835 
10014 221047171.116 
10016 355708883.695 
10017 176329787.234 
10018 61301289.5662 
10019 215015472.889 
10021 125442762.84 
10022 270327027.622 
10023 317116536.35 
10024 201982242.271 
10025 313406925.432 
10026 367997835.498 
10027 208443594.166 
10028 492805676.856 
10029 297281545.803 
10030 326864406.78 
10031 341562017.732 
10032 307587894.135 
10033 249584611.896 
10034 164858818.345 
10035 218215806.818 
10036 181770703.073 
10037 271700468.019 
10038 272117962.466 
10039 294795673.077 
10040 243134729.306 
10044 149117647.059 
10069 249951923.077 
10128 458720956.703 
10162 529874213.836 
10280 207751322.751 
10282 423274336.283 
10301 37916674.2266 
10302 55427788.2315 
10303 21903747.2648 
10304 41518899.1533 
10305 36768228.6713 
10306 25351565.9894 
10307 30408867.2395 
10308 52514886.6084 
10309 17108536.8016 
10310 51163801.2314 
10312 26416647.5125 
10314 1875219298.25 
10451 160355980.244 
10452 284289060.467 
10453 310116230.719 
10454 126790886.894 
10455 201690201.004 
10456 293567743.402 
10457 206509066.409 
10458 236053617.774 
10459 197477062.305 
10460 126133997.702 
10461 79442008.8437 
10462 185953840.34 
10463 141354146.52 
10464 43237779.1764 
10465 40899023.0915 
10466 118567254.785 
10467 124180372.439 
10468 251438030.072 
10469 94198729.0502 
10470 62717355.643 
10471 28860548.4788 
10472 215900883.021 
10473 101445255.55 
10474 29846429.7779 
10475 563787878.788 
10501 3713338.77591 
10502 13046486.579 
10503 12887828.1623 
10504 56231035.1382 
10506 1195326.21257 
10507 2614418.55095 
10509 1742006.72352 
10510 3356092.57816 
10511 5595053.6338 
10512 1514719.41465 
10514 3356025.22553 
10516 611276.332037 
10518 936707.944362 
10519 2318007.10073 
10520 3365288.24705 
10522 16084303.9379 
10523 7009429.39629 
10524 792951.71568 
10526 81855203.6199 
10527 1229779.07317 
10528 11617885.1097 
10530 129404517.454 
10532 10451484.6365 
10533 6916989.51304 
10535 3932098.67796 
10536 3247333.47626 
10537 4075312.31129 
10538 16240600.0323 
10541 3514040.21768 
10543 14757921.7094 
10546 1918667.72041 
10547 4417787.38582 
10548 4364724.21627 
10549 3293830.33388 
10550 66742014.3712 
10552 41382916.4227 
10553 54373686.7712 
10560 793737.898932 
10562 8951082.65422 
10566 19903211.4511 
10567 3178222.0424 
10570 6535142.6264 
10573 23938804.7451 
10576 832043.633175 
10577 3450480.44464 
10578 1229759.0864 
10579 857881.518206 
10580 185431034.483 
10583 11285783.7688 
10588 4026665.63147 
10589 3797715.09743 
10590 1568219.39776 
10591 8737467.02614 
10594 6399473.73489 
10595 88023630.5048 
10597 1822704.34342 
10598 3965572.73228 
10601 35588814.0503 
10603 12714712.2909 
10604 101823776.983 
10605 13243397.6629 
10606 37838358.4955 
10607 8532186.37276 
10701 53753174.4585 
10703 49454926.3694 
10704 38783510.4831 
10705 65299503.3957 
10706 8538877.02797 
10707 27471615.5661 
10708 26200695.4757 
10709 21617999.7999 
10710 18469719.072 
10801 44512258.9424 
10803 19406642.1125 
10804 11245440.93 
10805 628464163.823 
10901 2906388.40645 
10913 4678619.75643 
10916 758950.221391 
10917 1959915.34918 
10918 1234864.63829 
10919 1187106.20035 
10920 5160323.54275 
10921 1560087.71202 
10923 14020462.2963 
10924 1249932.47792 
10925 11413785.5596 
10926 604211.028294 
10927 21047869.323 
10928 1283117.09865 
10930 2114234.26273 
10931 1580118.00686 
10940 2735238.6905 
10941 1464086.83919 
10950 4376978.46127 
10952 15284405.3272 
10954 11176086.0372 
10956 7338571.67802 
10958 510632.593255 
10960 12813525.1329 
10962 25273012.2457 
10963 1105796.52984 
10964 2273011.53955 
10965 10265161.9517 
10968 14284066.5578 
10969 428650.788657 
10970 3003772.07403 
10973 1016480.75811 
10974 1838402.5495 
10975 305127.664981 
10976 7956279.22382 
10977 18228460.8237 
10980 1610417.18385 
10983 9083370.96178 
10984 7259871.20243 
10986 1167754.36222 
10987 275523.923552 
10989 6664190.21448 
10990 1188474.30511 
10992 2593872.51876 
10993 17236020.3551 
10994 5049396.4243 
10996 7395738.80212 
10998 462752.431303 
11001 36120393.2491 
11003 43533685.5524 
11004 47977654.2432 
11005 36857142.8571 
11010 33620644.6368 
11020 11165864.25 
11021 24386788.3003 
11023 18076559.5463 
11024 9154716.07452 
11030 9867257.31777 
11040 31813242.4904 
11042 3082961.30291 
11050 11021728.195 
11096 20793046.3906 
11101 33531402.4663 
11102 149643788.772 
11103 189347147.83 
11104 232123221.698 
11105 82262487.4716 
11106 164555836.811 
11201 128692535.39 
11203 128664038.457 
11204 180021888.14 
11205 109566359.767 
11206 204626820.426 
11207 123627842.94 
11208 99418029.509 
11209 109336293.304 
11210 139900593.147 
11211 172956342.999 
11212 204464834.468 
11213 212935692.199 
11214 125383379.169 
11215 100902573.264 
11216 192005995.327 
11217 168019967.034 
11218 186721013.189 
11219 221194321.254 
11220 206014247.536 
11221 207879364.36 
11222 72222482.9485 
11223 134913617.311 
11224 115868435.395 
11225 146162491.93 
11226 267334133.451 
11228 99311983.8393 
11229 132207836.839 
11230 170908321.317 
11231 58943556.629 
11232 73997764.2282 
11233 188645219.373 
11234 2458179271.71 
11235 115993949.06 
11236 99077164.0313 
11237 178576285.745 
11238 151105794.301 
11239 75650852.6466 
11354 90181404.666 
11355 148659620.695 
11356 56258176.0138 
11357 51177875.4711 
11358 67778925.0977 
11360 41955493.9391 
11361 53332388.7153 
11362 33408248.6865 
11363 27094197.7008 
11364 44045872.4601 
11365 64382234.0873 
11366 68429489.6107 
11367 80317379.564 
11368 159067165.583 
11369 121332759.374 
11370 222245865.929 
11372 338142237.333 
11373 209466941.745 
11374 181371182.781 
11375 94078629.4931 
11377 123821640.599 
11378 49514003.7962 
11379 66037539.0439 
11385 97631694.6514 
11411 56207819.9023 
11412 64989361.5832 
11413 46957682.3333 
11414 40514786.3166 
11415 122447041.544 
11416 133800125.937 
11417 95484062.3661 
11418 80665328.7708 
11419 150745730.132 
11420 76347362.0794 
11421 116115227.901 
11422 17468585.2542 
11423 68935632.1839 
11426 39400503.09 
11427 55570603.8501 
11428 82598615.8871 
11429 69878974.7929 
11430 7419354.83871 
11432 96563606.6251 
11433 73399995.958 
11434 72241743.3121 
11435 130326915.748 
11436 77391398.0813 
11501 35876489.5451 
11507 25313254.0827 
11509 8935397.71445 
11510 28239685.2687 
11514 15965424.7596 
11516 28784432.9398 
11518 26211951.7953 
11520 30857152.6212 
11530 12141553.0664 
11542 13704105.7765 
11545 3083846.37052 
11547 6842046.22911 
11548 14699039.8037 
11550 48658999.8672 
11552 21289715.3799 
11553 34419070.7618 
11554 21987235.0412 
11557 52329859.3924 
11558 412315270.936 
11559 307368421.053 
11560 2977032.08692 
11561 38530427.9792 
11563 35340691.6897 
11565 28235462.311 
11566 1535695652.17 
11568 2064185.05249 
11569 69207920.7921 
11570 26395925.0065 
11572 1047054794.52 
11575 32529231.7288 
11576 12941576.6202 
11577 14758871.8322 
11579 16764779.0399 
11580 37681205.7084 
11581 28007357.9108 
11590 26361686.3922 
11596 24761774.2473 
11598 24103401.5672 
11691 1349101123.6 
11692 67431177.6451 
11693 410896551.724 
11694 50812810.7641 
11697 6095337.71668 
11701 226631666.068 
11702 624913793.103 
11703 18991500.9707 
11704 18852837.0656 
11705 8192698.80558 
11706 1599565217.39 
11709 16646946.9365 
11710 26320407.6245 
11713 7295020.85544 
11714 14029478.1267 
11715 10977967.8285 
11716 4425746.92752 
11717 20263280.8802 
11718 12179230.5458 
11719 2255958.5844 
11720 12859264.4284 
11721 9340466.8452 
11722 15315769.9269 
11724 3647076.27939 
11725 10579606.3661 
11726 29976540.4926 
11727 11060737.2783 
11729 16063916.4163 
11730 6036464.97521 
11731 12294723.0531 
11732 8906546.18161 
11733 5804557.13946 
11735 10530718.9714 
11738 12152396.202 
11740 9041231.61199 
11741 13481582.8075 
11742 9589185.71825 
11743 41304167.0946 
11746 10429998.4253 
11747 5548289.70461 
11751 12272842.4907 
11752 9094075.15899 
11753 10516797.2002 
11754 9961280.36974 
11755 13461745.3647 
11756 27975635.1576 
11757 24024636.5551 
11758 2118267716.54 
11762 23655092.6685 
11763 7314069.30739 
11764 4899808.2022 
11765 1161332.20719 
11766 7900563.57562 
11767 12301768.3898 
11768 5194386.3061 
11769 8008546.04366 
11770 919364.363558 
11771 35062086.5568 
11772 11768729.5169 
11776 12042277.911 
11777 275092024.54 
11778 5738749.40508 
11779 10129526.4319 
11780 395012722.646 
11782 10648885.7524 
11783 19656491.5453 
11784 15341527.0964 
11786 4279018.44281 
11787 8436129.89829 
11788 6521268.85027 
11789 15353290.9911 
11790 10182667.5167 
11791 7960854.79186 
11792 3471867.20301 
11793 1297108433.73 
11795 16455135.2602 
11796 11884321.2517 
11797 6437523.76422 
11798 13013663.2016 
11801 21448821.7329 
11803 16768522.6089 
11804 9989253.07902 
11901 4398867.80797 
11930 555032.758505 
11932 555291.194226 
11933 767368.495644 
11934 5605909.8624 
11935 1122858.91298 
11937 10730762.2618 
11939 1780252.2729 
11940 3439404.75192 
11941 1637962.46047 
11942 2155044.269 
11944 3706350.80063 
11946 47926304.9596 
11947 3850782.19013 
11948 1479687.56588 
11949 1666265.33603 
11950 14176795.1275 
11951 10346251.5258 
11952 1606493.87994 
11953 4878038.24615 
11954 588337.474338 
11955 4326148.10835 
11956 3974943.05239 
11957 511049.81876 
11958 980872.219382 
11959 17103825.1366 
11960 3043746.84113 
11961 456725978.648 
11962 334601.976048 
11963 1480251.20905 
11964 980352.325329 
11965 3427713.1248 
11967 7054698.52794 
11968 510704845.815 
11970 6516853.93258 
11971 1815971.37145 
11972 5984144.96036 
11975 556167.460932 
11976 474773.16309 
11977 1667384.22088 
11978 117934782.609 
11980 1530882.40798 
12008 2136467.39201 
12009 489444.59175 
12010 11116497.9171 
12015 35579196.2175 
12017 92354.3937444 
12018 567009.837513 
12019 5427652.2311 
12020 1407616.22728 
12022 136067.514093 
12023 133740.824655 
12025 443053.286634 
12027 1501339.4872 
12028 222586.616011 
12029 184299.442714 
12031 276713.966307 
12032 61129.3739584 
12033 871878.89068 
12035 207563.16701 
12036 89398.5827972 
12037 376094.40897 
12041 14401197.6048 
12042 562406.352079 
12043 460299.530629 
12045 2826855.12367 
12046 179400.004699 
12047 128612820.731 
12051 1351507.37996 
12052 261016.893852 
12053 252180.312387 
12054 3425937.73857 
12056 416424.803776 
12057 219371.41661 
12058 274792.408123 
12059 199002.742628 
12060 143881.49893 
12061 1765231.26383 
12062 212585.364814 
12063 1859467.79016 
12064 215684.764649 
12065 4166123.16391 
12066 1743618.86753 
12067 239532.158385 
12068 319914.865267 
12070 453349.82112 
12071 74561.49556 
12072 215062.437314 
12074 806786.701715 
12075 321180.80271 
12076 77199.7727856 
12077 2311733.10031 
12078 1154029126.21 
12083 334243.232367 
12084 4008085.61594 
12086 3666489.07622 
12087 1127606.60506 
12090 379363.153345 
12092 333903.068247 
12093 98898.7100308 
12094 1909254.83501 
12095 736223.879339 
12106 507933.06679 
12108 16839.3318866 
12110 5456093.6133 
12115 117946.164129 
12116 222386.051762 
12117 88000000.0 
12118 169889975.55 
12120 152475.348989 
12121 344199.696184 
12122 151509.66552 
12123 512605.606109 
12125 324709.724169 
12130 6583599.03414 
12131 22245.3789094 
12134 15364715.342 
12136 148164.993146 
12137 288839.44346 
12138 117180.256858 
12139 5587.30999547 
12140 821579.643747 
12143 853321.833893 
12144 4159812.90859 
12147 104923.145373 
12148 1113901.75723 
12149 222513.790638 
12150 2678278.4003 
12151 931507.858611 
12153 130259.007394 
12154 93311258.2781 
12155 117077.462286 
12156 182039.642567 
12157 16591559.9989 
12158 761578.859566 
12159 318387096.774 
12160 741617.13387 
12164 34601.6300117 
12165 139248.392875 
12166 101644.235333 
12167 148182.45527 
12168 181195.911582 
12169 157702.287972 
12170 576497.620155 
12173 452652.146508 
12175 95392.5859733 
12176 195106.569573 
12180 3215838.77685 
12182 4229671.78057 
12183 12511580.375 
12184 662913.987374 
12185 700304.187111 
12186 678800.876677 
12187 126317.819258 
12188 179411764.706 
12189 8751684.40533 
12190 13031.5232548 
12192 8466617.8271 
12193 181116.534924 
12194 55787.0884422 
12196 1093650.94313 
12197 111149.964099 
12198 1879822.20302 
12202 15382919.3355 
12203 9160296.93895 
12204 6108747.17068 
12205 6652984.36054 
12206 25661092.0246 
12207 7510071.90084 
12208 15761232.0286 
12209 19313706.0332 
12210 39125209.9157 
12211 74485330.9434 
12302 1301037735.85 
12303 6506579.14809 
12304 9980231.87477 
12305 262201834.862 
12306 1226602870.81 
12307 35512301.4206 
12308 25361989.2664 
12309 5514754.59502 
12401 1168000000.0 
12404 320678.242535 
12405 712400.983113 
12406 77709.7620646 
12407 28752.1946401 
12409 284195.144505 
12410 26433.1775929 
12411 3840121.15312 
12412 186296.082329 
12413 686724.072264 
12414 503789.494029 
12416 796856.301206 
12418 106647.876516 
12419 2445111.97732 
12420 349191.232703 
12421 45320.7571768 
12422 147086.06878 
12423 282978.835917 
12424 41149.5065269 
12427 44128.3952433 
12428 405820.206773 
12429 988942.148644 
12430 102230.421205 
12431 295361.898529 
12433 508256.270599 
12434 275733.94428 
12435 148191.787448 
12439 2443401.21449 
12440 2244114.30022 
12442 202778.426163 
12443 815580.161082 
12444 112200.304408 
12446 258308.383768 
12448 4608076.0095 
12449 6958365.53842 
12450 33573.5524066 
12451 560982.93325 
12454 56050.9977266 
12455 20601036.2694 
12456 3409254.60569 
12457 148603.255989 
12458 227764.748331 
12459 58966.4103886 
12460 299651.560406 
12461 183643.645014 
12463 812552.735165 
12464 69999.2004993 
12466 4908065.63421 
12468 82985.2452074 
12469 57297.108358 
12470 395062.893128 
12471 3199404.7619 
12472 1474496.00282 
12473 138985.361661 
12474 114763.153838 
12477 1168470.17543 
12480 40368.4043503 
12481 760510.865883 
12482 3952913.82067 
12484 459362.550002 
12485 147552.202775 
12486 1768115.63917 
12487 570947.174807 
12489 4095918.03092 
12491 714110.308086 
12492 54226.0610449 
12493 270648.128455 
12494 219606.553588 
12495 128557.775805 
12496 207366.037606 
12498 697634.284893 
12501 270575.463464 
12502 117013.584131 
12503 99247.8168042 
12507 682075.306015 
12508 4681581.79062 
12513 6536144.57831 
12514 374801.596262 
12515 1440304.53747 
12516 308194.752181 
12517 341238.810853 
12518 2230866.14233 
12520 2696895.49075 
12521 175758.780268 
12522 387377.07968 
12523 254966.999641 
12524 3339655.22631 
12525 2309489.76389 
12526 404714.14017 
12528 1080734.00499 
12529 2673566.75688 
12531 877557.033287 
12533 1791003.53877 
12534 709007936.508 
12538 2075305.19215 
12540 843537.520878 
12542 1299989.57898 
12543 5647506.04552 
12545 290202.188001 
12546 233385.02516 
12547 1324609.51281 
12548 833427.702936 
12549 2056537.96017 
12550 5695727.81185 
12553 3278736.91215 
12561 2710871.38198 
12563 1522908.43108 
12564 597420.19987 
12565 1812621.0598 
12566 627088.240874 
12567 205967.753273 
12569 4333785.26548 
12570 1687942.62179 
12571 756666.377265 
12572 586585.761597 
12575 509873.665138 
12577 1380362.25495 
12578 539774.508136 
12580 768694.942137 
12581 203906.562859 
12582 1342824.56456 
12583 29283154.1219 
12585 520247.931941 
12586 4685393.04432 
12589 3380689.41103 
12590 3547536.76014 
12592 364457.586064 
12594 4735535.56969 
12601 947554585.153 
12603 4431833.46327 
12701 646649.096816 
12719 245975.538578 
12720 375600.797497 
12721 1107176.96938 
12723 176143.342481 
12724 93460.0473556 
12725 15565.7871416 
12726 142724.437556 
12729 667565.06533 
12732 111949.753077 
12733 979216.369572 
12734 240905.270324 
12736 123247.637928 
12737 201881.10915 
12738 198351.697395 
12740 98235.4394088 
12741 292906.163213 
12742 405921.520344 
12743 81308.0181829 
12746 231674.131173 
12747 415972.065316 
12748 408584.606634 
12749 522628.052583 
12751 1800192.31656 
12752 628692.268124 
12754 800022.778657 
12758 92185.6891639 
12759 8147394.21728 
12760 30018.0812231 
12762 347893.444043 
12763 314133.925764 
12764 108912.315311 
12765 265396.521896 
12766 224634.891196 
12768 115110.391476 
12770 234735.827031 
12771 1538574.41766 
12775 609626.633545 
12776 54463.6332705 
12777 49157.5401361 
12778 373134.328358 
12779 1306357.9272 
12780 36582278.481 
12783 152962.366581 
12785 1843732.83879 
12786 115898.099602 
12787 9868995.63319 
12788 477012.836698 
12789 653134.905406 
12790 225201.559882 
12791 665454.341886 
12792 2421097.51603 
12801 12757921.3272 
12803 4164983.31695 
12804 915172413.793 
12808 56269.3632809 
12809 217233.259816 
12810 45924.1846644 
12812 10804.9625032 
12814 50938511.3269 
12815 66164.8821266 
12816 228632.064601 
12817 137985.7132 
12819 32842.9920797 
12821 904840.104882 
12822 328538.055464 
12823 158661.377954 
12824 147374.435415 
12827 109645.513256 
12828 326920415.225 
12831 866467661.692 
12832 277355.341489 
12833 393288.589644 
12834 251750.359853 
12835 303953.31987 
12836 48381.6628778 
12837 163371.99804 
12838 315870.902315 
12839 1482522.91184 
12842 31344086.0215 
12843 46516.9430988 
12844 249744.92133 
12845 103905579.399 
12846 229114.013747 
12847 5116.74790667 
12849 427690.338864 
12850 246756.909193 
12851 16034.6158441 
12852 9609.17734621 
12853 207125.709508 
12855 4919.40738122 
12856 10939.3362327 
12857 25425.503199 
12859 420341.021535 
12860 152771.817929 
12861 63268.1325273 
12863 400765.74077 
12865 225150.427592 
12866 1991682.78879 
12870 45208.9615726 
12871 122642642.643 
12873 101651.56165 
12874 23798.2591406 
12878 30293.8069515 
12883 205467.479405 
12885 329685.846355 
12886 192949.247175 
12887 1170598.20817 
12901 82790499.6051 
12903 14368358.9138 
12910 132077.790867 
12912 68664.0221968 
12913 65664.7709582 
12914 96216.7376019 
12916 48194130.9255 
12917 111856.386286 
12918 530207.934592 
12919 268609.309572 
12920 154237.713748 
12921 271796.500434 
12923 37379.0783857 
12926 155905.415404 
12927 14810.4373119 
12928 95404.3292396 
12930 70350.8465515 
12932 54331.7074702 
12934 47783.6590831 
12935 65720.2944269 
12936 62585.8465713 
12937 162343.412704 
12941 114897.470904 
12942 35760.2988277 
12943 14818.7047697 
12944 82591093.1174 
12945 61408.84992 
12946 36479574.8921 
12950 58949.3711834 
12952 91473.6352377 
12953 266761.435817 
12955 665638.217767 
12956 345291.650771 
12957 165921.621548 
12958 189129.977592 
12959 109868.176647 
12960 169295.665146 
12961 38299.5591508 
12962 919264.534878 
12964 3361169.1023 
12965 173991.800131 
12966 114753.153566 
12967 99879.3199745 
12969 12575.3143903 
12970 26383561.6438 
12972 47157857.2964 
12974 668497.823933 
12979 1350393.77694 
12980 22975.6391624 
12981 69297.3899798 
12983 254897959.184 
12985 46839.1340091 
12986 264935064.935 
12987 24753.3043814 
12989 33568.7856824 
12992 221888.785328 
12993 84345.9042684 
12996 2374058.79836 
13021 1139230.28566 
13026 235056.099687 
13027 811205128.205 
13028 231096.083589 
13029 8813680.35934 
13030 636687.185051 
13031 2524654.38405 
13032 549793.754266 
13033 187993.337127 
13034 319529.672885 
13035 379070.070775 
13036 8317235.45825 
13037 751636.606975 
13039 4021731.1538 
13040 95607.7130257 
13041 39403409.1955 
13042 266505.315571 
13044 257871.946663 
13045 926328.490935 
13052 129921.170581 
13053 507372.48131 
13054 51699346.4052 
13057 2084157.01465 
13060 664208.982965 
13061 166234.96193 
13062 2446958.98161 
13063 158606.601728 
13066 2811465.05921 
13068 396340.261363 
13069 1911485.73604 
13071 149869.710042 
13072 104720.634628 
13073 419534.13096 
13074 412523.886953 
13076 496407.219043 
13077 366483.064184 
13078 847856.142548 
13080 164298642.534 
13081 135596.932146 
13082 681635.690562 
13083 105467.864542 
13084 385568.492277 
13088 9677116.43245 
13090 6912251.53216 
13092 187732.644221 
13101 248677.068732 
13104 1153208.06601 
13108 719799.486594 
13110 318131.682568 
13111 212123.983723 
13112 9567730.60995 
13114 60511433.9572 
13116 8774044.86768 
13118 217515.053766 
13120 561774.16389 
13122 208423.061177 
13124 83850.5809696 
13126 3255753.55228 
13131 256791.255147 
13132 90877944.3255 
13135 1907311.08051 
13136 87004.6640365 
13140 46798748.6966 
13141 117832.576516 
13142 748112.642037 
13143 223503.792641 
13144 134997.04479 
13145 418870.393975 
13146 168938.297828 
13147 123505.38955 
13148 47476250.8336 
13152 423100.893179 
13155 87216.1168017 
13156 221150.208871 
13158 90369.5177917 
13159 241462.873756 
13160 379121.354931 
13164 571108.365492 
13165 1427177.22257 
13166 177531645.57 
13167 60874316.9399 
13202 18185162.272 
13203 31921630.7933 
13204 14405008.326 
13205 18553501.3562 
13206 13436062.8732 
13207 14970488.8435 
13208 20830674.8869 
13209 3259647.68828 
13210 21019514.2045 
13211 4701182.40112 
13212 6788990.33613 
13214 8910963.3326 
13215 1499211.30373 
13219 11302539.9264 
13224 9105666.07778 
13302 116437.386266 
13303 119577.167668 
13304 394798.043452 
13308 439912.235992 
13309 143211.139059 
13310 295422.37351 
13312 18933.5145917 
13313 959642.122816 
13314 64476.2404326 
13315 97740.9106808 
13316 132232.287342 
13317 304478.619791 
13318 187795.396844 
13319 2549796.65431 
13320 82121.1243448 
13322 270310.261415 
13323 992739.839212 
13324 64919.2934461 
13325 29715.0267174 
13326 193498.021108 
13327 61645.7502376 
13328 266716.010181 
13329 229764.899521 
13331 2800000.0 
13332 167692.567988 
13334 162599.413151 
13335 143793.219924 
13337 139954.640524 
13338 14163.0093083 
13339 58799610.3181 
13340 472838.824027 
13341 2377622.37762 
13342 65565.6928506 
13343 632134.869673 
13346 607453.905884 
13348 145626.972693 
13350 58868818.1325 
13354 229639.916777 
13355 129664.352719 
13357 1188604.39462 
13360 23949.4825581 
13361 108002.797587 
13363 380153.398054 
13365 1344769.76518 
13367 150795.021066 
13368 1754193.27507 
13402 166568.849996 
13403 10523265.524 
13406 318034.76449 
13407 329060.574603 
13408 407923.786112 
13409 256601.683605 
13411 159453.052581 
13413 131757308.509 
13416 867255.325925 
13417 8564461.50139 
13418 133484.930337 
13420 34341.8973508 
13421 1260804.31192 
13424 796805.526234 
13425 283649.792432 
13428 368399.315115 
13431 203721.95783 
13433 991031.16793 
13436 12224.5860195 
13437 14067278.2875 
13438 28805583.2199 
13439 163412.557258 
13440 3567504.2243 
13450 106227.809623 
13452 231753.585609 
13454 36336.1095411 
13456 560555.094933 
13459 164909.230531 
13460 243247.319309 
13461 3106028.09228 
13464 100823.923948 
13468 167258.995919 
13469 772846.886896 
13470 39458.1551707 
13471 151154.306514 
13473 80653.3638454 
13476 440818.835526 
13477 242780.864186 
13478 332570.352437 
13480 257405.734988 
13483 268860.681856 
13485 117686.67503 
13486 32600000.0 
13489 60857.022253 
13490 394459.824803 
13491 168461.63986 
13492 2967786.61624 
13493 99596.7965629 
13495 5015697.44864 
13501 15133324.4867 
13502 18367224.0843 
13601 951571072.319 
13602 650893.498495 
13603 7334270.65713 
13605 209288.042998 
13606 244367.183467 
13607 1776855.43399 
13608 151781.25769 
13612 469278.699552 
13613 14815539.4682 
13614 137380.028176 
13615 4665624.15112 
13616 1023333.08294 
13617 1007688.811 
13618 90781.381508 
13619 356171.142897 
13620 2431038.50823 
13621 239453.015634 
13622 43274021.3523 
13624 182508361.204 
13625 112628.724895 
13626 90782.2644052 
13630 137288.045263 
13633 56369.1226612 
13634 294111.784625 
13635 78113.884464 
13637 477953.681382 
13638 1299938.44207 
13639 56650.6459572 
13640 12783018.8679 
13642 207213.728575 
13646 9219875.90072 
13648 48033.3827254 
13650 117918.880118 
13652 76910.1135189 
13654 638982.281159 
13655 1363676.42816 
13656 116008.339949 
13658 99973.3545773 
13659 35140.3305099 
13660 563247.378785 
13661 111610.109408 
13662 720956521.739 
13664 2100486.42844 
13665 78808.2759055 
13667 413745.453808 
13668 833877.520451 
13669 60200668.8963 
13670 10975.2264636 
13672 18454.3353755 
13673 7934184.02086 
13675 351277.001675 
13676 637777777.778 
13679 86186046.5116 
13680 311500.737435 
13681 251773.501527 
13682 1386390.29495 
13684 21921.1362025 
13685 429585.752274 
13687 55842.8137876 
13690 74590.6770471 
13691 146147.573433 
13693 86189.9238667 
13694 7582199.18996 
13697 482417.051127 
13730 529124.283277 
13731 148669.643386 
13732 213429319.372 
13733 639367.771182 
13734 196390.266187 
13736 132670.525461 
13739 79209.579821 
13740 53257.6421111 
13743 219003.130663 
13744 326431.194075 
13746 13546824.3128 
13748 13769313.2736 
13750 157540.703064 
13752 61326.0319281 
13753 216064.746417 
13754 4257667.33855 
13755 96127.4418171 
13756 74076.5177801 
13757 96805.9681389 
13760 3330280.72647 
13774 68506.8305741 
13775 120923.73575 
13776 86159.9565472 
13777 252692.724257 
13778 204994.878747 
13780 204209.211067 
13782 67530.472343 
13783 103088803.089 
13786 167820.492835 
13787 126445993.031 
13788 115455.777117 
13790 2139984.3713 
13795 692592.342152 
13796 217802.307753 
13797 219678.314792 
13801 80200.4299386 
13802 284463.348799 
13803 155201.529479 
13804 119049.032673 
13807 178278.484077 
13808 154717.025967 
13809 245944.948215 
13810 101777.996943 
13811 256900.10433 
13812 694804.472316 
13813 97510.4105088 
13815 462164.770011 
13820 738434.036432 
13825 220104.436422 
13827 1859345.03113 
13830 149656.893318 
13832 106481.206142 
13833 418053.382322 
13834 1648044.69274 
13835 124156.357142 
13838 1200750.89825 
13839 110702.836947 
13841 205127.409714 
13842 10893416.9279 
13843 151544.777468 
13844 80385.0577501 
13846 94732.2943012 
13849 198108.915241 
13850 1495924.85568 
13856 3955940.08754 
13859 840836.95617 
13861 173342.284001 
13862 6482142.00054 
13863 170237.825707 
13864 172952.827079 
13865 292247706.422 
13901 16561105.9834 
13903 1638029.16535 
13904 1379681.45044 
13905 3989188.51058 
14001 508318.123357 
14004 904445.709479 
14005 226180.906915 
14006 1243339.81405 
14008 204161.072649 
14009 264880.003101 
14011 495702.848803 
14012 238322.355908 
14013 155839.611047 
14020 1197399.89642 
14024 91474.0842756 
14025 424442.644936 
14026 2752986.82733 
14028 499411.195766 
14030 283680.416663 
14031 1840899.40637 
14032 1171678.8975 
14033 426569.165143 
14034 359013.020572 
14036 341272.182118 
14037 260833.131445 
14039 238633.598193 
14040 234710.073244 
14042 312683.610037 
14043 11070142.0703 
14047 1822316.24318 
14048 2325819.32587 
14051 4584321.30664 
14052 921128.902499 
14054 160466.249972 
14055 185971.40276 
14057 603876.056895 
14058 204574.299237 
14059 1187866.39621 
14060 99611.9630595 
14062 166588.793453 
14063 996882.847226 
14065 186542.897684 
14066 127723.264967 
14067 839823.916919 
14068 6649566.89464 
14069 548025.25851 
14070 458683.497962 
14072 2479009.51561 
14075 3646481.30249 
14080 276654.229366 
14081 1082285.1428 
14082 175181.761358 
14085 4231898.60479 
14086 3224761.20849 
14091 175218.316501 
14092 128757259.001 
14094 3354048.60729 
14098 216330.178652 
14101 169287.151798 
14102 1835235.66518 
14103 469874.581344 
14105 362660.143126 
14108 738138.242676 
14111 327145.992803 
14113 139224.43474 
14120 1274011299.44 
14125 368263.119422 
14127 2647228.15482 
14129 174765.105153 
14131 435218.869864 
14132 876091.398115 
14134 23744292.2374 
14136 711951.376253 
14138 129919.711164 
14139 322253.524202 
14141 362970.524849 
14143 243434.780534 
14145 198063.361424 
14150 9635978.01732 
14167 172087.349179 
14170 530757.095045 
14171 142013.850761 
14172 458549.621876 
14174 818140.0601 
14201 35723012.8707 
14202 16851439.3309 
14203 7908925.1585 
14204 18091738.9177 
14206 13895250.2632 
14207 981333333.333 
14208 34280872.0438 
14209 24474293.6545 
14210 15636506.0379 
14211 22480768.9057 
14212 18923927.2707 
14213 374082568.807 
14214 22111870.9718 
14215 30255674.4045 
14216 28523724.628 
14217 27820234.8369 
14218 137092535.121 
14219 6025033.97438 
14220 23496061.0372 
14221 8205426.93501 
14222 40862992.8957 
14223 22715428.2507 
14224 6950011.45587 
14225 9202856.48285 
14226 14225927.1861 
14227 9200843.18151 
14228 120422868.624 
14301 17647731.0748 
14303 7123409.70861 
14304 4738966.95854 
14305 7358717.67224 
14411 429020.775992 
14414 164562211.982 
14415 539879.50871 
14416 367204.38652 
14418 115611.2638 
14420 2525938.78853 
14422 261386.711578 
14423 111345707.657 
14424 730157.897625 
14425 1671070.5673 
14427 199396.186924 
14428 543570.725225 
14432 546701.336277 
14433 577396.948864 
14435 280701.633825 
14437 332527.499136 
14441 2764075.52305 
14445 12307649.8052 
14450 4470544.37231 
14454 753206.79169 
14456 5393873.32037 
14462 185809.119285 
14464 898135.509358 
14466 368964.088783 
14467 3486727.64962 
14468 1146687.70569 
14469 341501.083937 
14470 455214.549102 
14471 313484.552087 
14472 628564.920054 
14475 532243.977 
14476 295064.834307 
14477 226659.205583 
14478 1230858.98523 
14480 2013069.24185 
14481 306001.462082 
14482 435814.618629 
14485 422901.414911 
14487 649481.686665 
14489 358285.272194 
14502 1048532.92188 
14504 4518876.47076 
14505 438451.149566 
14506 1396701.04484 
14507 158519.737761 
14510 227782.419255 
14512 157652.174755 
14513 981932.677611 
14514 7957612.54186 
14516 271667.180709 
14517 308952.220105 
14519 997351.047331 
14521 219726.593587 
14522 733788.566094 
14525 203375.392642 
14526 3886824.40323 
14527 10188721.832 
14530 423232.527823 
14532 382788.660748 
14533 232063.628134 
14534 22749499.9613 
14536 130461.806309 
14541 328079.92278 
14543 416239.961281 
14544 263576.279741 
14545 291549.611464 
14546 420553.050102 
14548 555765.197379 
14550 217929.300162 
14551 467770.791153 
14555 20207468.8797 
14559 3448496.47502 
14560 207979.372752 
14561 219667.673987 
14564 1231210.48464 
14568 921135.958023 
14569 285310.20399 
14571 255203.515038 
14572 228294.612288 
14580 3956577.21618 
14585 209740.70805 
14586 3341381.62351 
14589 644120.323054 
14590 170187500.0 
14591 192613.747619 
14604 18006198.3471 
14605 25099322.4576 
14606 1095155038.76 
14607 31760543.9407 
14608 27129588.6776 
14609 20452657.5579 
14610 11504816.7781 
14611 20834306.4234 
14612 1547757847.53 
14613 30437657.5609 
14614 13600000.0 
14615 9404159.81756 
14616 319529675.252 
14617 9702368.17994 
14618 209485335.113 
14619 36788988.995 
14620 19297148.1423 
14621 33249035.294 
14622 8455608.40505 
14623 363275401.07 
14624 4363819.11119 
14625 4733904.17889 
14626 7218333.37979 
14701 1576288.71665 
14706 680181.183316 
14708 63208.2213517 
14709 119982.616199 
14710 235878.601147 
14711 491261.744313 
14712 434303.589905 
14714 143063.743858 
14715 193766.516356 
14716 893611.569736 
14717 215858.763204 
14718 256129.37245 
14719 133781.014519 
14721 6117021.2766 
14723 114783.208644 
14724 115553.748348 
14726 7579432.87843 
14727 174619.355437 
14728 140566.686895 
14729 90993.8457253 
14731 117650.580612 
14733 480030.03663 
14735 81390532.5444 
14736 199068.191444 
14737 139861.386577 
14738 196235.661454 
14739 132471.219338 
14740 232180.021128 
14741 106068.097531 
14743 121620.661133 
14744 52878787.8788 
14747 180432.309191 
14748 321327.62582 
14750 1297964.34264 
14753 104081.995903 
14754 184802.220065 
14755 141459.149183 
14757 257340.305654 
14760 2168284.76722 
14767 152393.931306 
14769 353602.435432 
14770 321397.688366 
14772 188852.760535 
14775 162984.535292 
14777 251881.463903 
14779 498675.83294 
14781 107159.899523 
14782 146458.030563 
14783 70192.509538 
14784 127576.508237 
14787 453008.966764 
14801 177560.705086 
14802 12493805.9729 
14803 169203.323303 
14804 91042.7646764 
14805 131821.287244 
14806 124702.896311 
14807 141977.517888 
14808 731729.059672 
14809 161549.057961 
14810 348399.477164 
14812 165133.288393 
14813 144994.371399 
14814 1034249.12496 
14815 165014.112544 
14816 344350.564768 
14817 186168.669127 
14818 147534.275298 
14819 63792.0112385 
14820 89165.5041411 
14821 200664.347946 
14822 104255.227499 
14823 155187.715747 
14824 92141.9997913 
14825 186007.913938 
14826 130146.964466 
14830 18401.3947294 
14837 44251.148644 
14838 133838862.559 
14839 66778.4131411 
14840 182233.230435 
14841 259852.454924 
14842 210262.184391 
14843 476046.047591 
14845 915291.112068 
14846 82988.604051 
14847 213012.35445 
14850 1715830.29228 
14855 129453.95752 
14858 136340.165813 
14859 97867.5339626 
14860 142952.156018 
14861 152922.502601 
14864 335924.950202 
14865 412856.022995 
14867 299681.699183 
14869 254714.905998 
14870 538662.957474 
14871 341298.550907 
14872 642681.031561 
14873 120477.095203 
14874 786923.224623 
14877 28576.5452696 
14878 175707.503925 
14879 223177.245451 
14880 122176.615967 
14881 223085.127891 
14882 406999.151429 
14883 201162.520932 
14884 42832.4251186 
14885 72408.3292305 
14886 328818.702378 
14889 142969.308895 
14891 281447.826228 
14892 721942.221172 
14894 421228.771258 
14895 298709.479373 
14897 144663.795435 
14898 105477.256299 
14901 244678362.573 
14903 1260145.94845 
14904 8721523.97494 
14905 8083036.94046 
